W	Apv	ApvErr	Abeam	AbeamErr RelAbeamErr (%)
1.123	47.1579	7.51181	101.498	5.80981	5.72405
1.223	46.2883	4.52577	88.8988	3.53982	3.98186
1.323	45.1598	5.41106	85.5519	4.45133	5.20308
1.423	43.2244	6.0069	86.8663	4.89243	5.63214
1.523	41.4409	6.56563	79.0147	5.09613	6.44959
1.623	40.8202	6.76145	79.6144	5.4893	6.89486
1.723	38.5316	5.79761	77.6275	4.61639	5.94685
1.823	35.8301	7.40022	84.7703	6.01393	7.09438
1.923	34.2409	8.30318	89.8255	6.9597	7.74802
2.023	32.3616	16.0055	86.6904	12.6656	14.6102
